138.14301600571878 512.5989307017054 15285.939916064986
55.999691739630634 322.5199916676722 10506.233727294251
41.60477313682077 167.3661423976042 4863.590714101997
12.982348354942246 64.51992564579196 510.5014045665497
12.982348354942246 39.82597620393698 95.31946384378969
3.912860013186446 21.796830297755058 54.84211667504863
3.371751691307736 11.378044561953597 11.878784917679312
3.344860723735678 4.680446408149896 2.882638893319
3.343225215437542 3.3678274116631157 0.0006538550897320196
3.343225215437542 3.3445415113709758 1.9205248784772665e-06
3.343225215437542 3.343260745497996 2.2273405239557763e-09
3.343224678729939 3.3432257568920227 3.0913087775404955e-13
3.34322464387742 3.3432250242766917 5.976519382827172e-14
3.343224643874919 3.3432246598136977 3.005369667759056e-16
3.3432246438731 3.34322464425243 3.1372817713676623e-19
3.3432246438731 3.343224643874771 1.673102043747819e-24
3.3432246438731 3.3432246438732434 2.006433791410719e-26
3.3432246438731 3.3432246438731 0.0
3.3432246438729862 3.3432246438730977 2.533269024936235e-28
3.3432246438729862 3.3432246438730955 4.963197271288518e-28
3.3432246438729862 3.343224643873086 1.364863472386238e-27
3.3432246438729862 3.3432246438730613 2.9003023383084155e-27
3.3432246438729862 3.3432246438729862 0.0
3.3432246438729862 3.3432246438729862 0.0
3.3432246438729862 3.3432246438729862 0.0
3.3432246438729862 3.3432246438729862 0.0
3.3432246438729862 3.3432246438729862 0.0
3.3432246438729862 3.3432246438729862 0.0
3.3432246438729862 3.3432246438729862 0.0
3.3432246438729862 3.3432246438729862 0.0
3.3432246438729862 3.3432246438729862 0.0
3.3432246438729862 3.3432246438729862 0.0
2.3772926947453925 3.3239060048904343 0.018287280794770475
0.5926862907488157 3.22773342904223 0.2146534200783728
0.015816602142876945 2.385666783320303 1.4557646596383895
0.015816602142876945 0.36761088556043886 0.09410226381026064
0.015816602142876945 0.061082509678342375 0.0008036152668004066
0.015816602142876945 0.02542132557303603 3.617053792158639e-05
0.015816602142876945 0.01701182933856444 1.8662756501331906e-06
0.0006492139865486024 0.01551325437975038 4.508973404300696e-06
0.0006492139865486024 0.01390562999902386 1.735928438658484e-05
0.0006492139865486024 0.006014283758279362 9.459083723014306e-06
0.0006492139865486024 0.0021521318991244696 1.6760830582028933e-06
0.0006492139865486024 0.00070280917956552 2.6442943547234332e-09
